1770
3524
2154
1052
2422
4400
3354
4609
1895
3518
2514
1814
1279
3274
1617
3918
1257
3855
2985
855
4654
2736
3770
110
3227
404
170
4902
1573
651
1641
3144
3159
3599
106
1539
2705
4856
617
1772
4254
1421
4762
2947
2469
1511
2195
99
2877
2415
677
2995
639
4988
4337
1095
2672
1471
3397
252
4477
544
4889
1335
2558
3895
3325
1183
1229
3182
2963
1914
3230
400
4124
2466
1873
4721
4870
3500
484
3757
4788
3071
40
1171
222
2066
1916
2585
3586
139
620
3082
441
1104
2821
4020
4966
1323
24
282
3498
2114
2477
3103
4651
4922
1538
4366
2671
4420
4813
589
3387
439
98
847
2090
1266
724
1964
4299
30
2730
3921
4681
2093
2574
3682
2367
2955
3096
2327
3702
3806
1536
4493
4401
121
2562
4706
4757
4039
4191
2324
4442
2254
718
312
159
157
3085
3537
1449
2164
2849
1822
1643
1233
3405
4356
2310
1112
3359
1893
3648
2432
262
1547
196
4318
4216
4681
322
3247
875
3604
1756
3279
4284
1146
4811
1952
4580
4206
818
2326
397
614
816
2736
4044
4582
604
2425
1535
585
4923
1475
4967
1210
913
1855
3534
2819
4134
1465
1981
4791
2040
2561
2897
3792
3526
3954
930
3987
1092
3334
3229
4432
1029
2127
4847
3310
1
2795
347
4956
3898
470
1432
3550
3263
1561
3432
782
706
1949
2609
1184
4849
8
691
2892
1055
2455
3901
3104
4518
34
4342
736
1382
4104
4789
4305
2092
757
4702
746
3485
2768
3744
4116
2078
908
2852
722
3483
1862
4530
3649
129
2107
3565
399
3469
401
2102
4213
4245
3771
612
1483
1808
587
3356
2897
53
3038
4937
2486
825
4439
39
3675
2286
3788
320
1333
4773
609
3027
2820
54
1607
2748
4353
3030
4888
2270
2659
2202
2656
120
2263
2352
4383
3771
3706
1437
583
541
2930
998
3668
1329
1785
4435
4085
2005
263
866
2898
1504
2018
470
3257
294
4748
4576
2817
1015
4167
4595
1059
2048
915
2088
920
2044
2196
3801
2250
1705
4023
1074
1744
3908
5000
3330
1868
2713
1822
4520
3448
4455
1987
1888
2394
637
3232
2879
1433
4923
1923
574
3289
3925
743
4816
4148
3467
502
2303
1450
513
4307
2456
3102
4426
19
3346
4934
1350
3497
1572
3026
4328
3515
2620
4112
716
4554
4333
4389
1221
2701
4266
3287
1116
3305
1355
3771
4375
1157
3797
3834
2450
2392
3504
3480
4222
2875
4582
4849
3046
2785
86
3824
355
1621
1921
123
4519
1308
2082
2513
542
1420
1637
2167
979
736
3656
1650
4179
1384
4317
583
4474
2410
2883
4199
2683
3208
4880
3164
4819
4200
2453
4248
4755
4045
1750
468
1465
2718
3615
4183
3604
479
2878
209
2027
2283
1944
2305
4041
2541
201
2386
3795
2864
842
2559
3998
737
1130
4312
1681
3408
1710
1532
1483
772
1445
1195
703
2952
3461
4551
2375
1243
4281
1522
2457
3174
4258
2851
1865
893
1969
4754
2693
220
288
3421
1103
2028
1896
4362
1415
4897
3296
4861
4681
3023
4085
4553
3251
3740
4193
552
4379
491
322
1346
3229
2379
1601
4310
1892
3085
4157
926
3288
1873
2675
1332
3934
1753
2262
2574
4968
3305
4529
3398
3208
3288
2665
4644
4727
2453
3992
992
742
3850
3147
1772
3097
4434
545
67
3485
147
491
1990
956
2499
191
4513
4510
1356
1510
2119
1707
4645
3249
2530
4094
326
4708
3429
4258
4638
4819
3941
362
4069
3765
3225
432
2552
1739
2550
3443
827
6
1624
3144
1316
3428
1752
4170
2707
547
2307
3326
877
371
1230
3199
522
413
2008
3128
940
1180
3534
1318
1793
566
281
2987
1491
2158
1596
4064
1863
2194
412
4738
503
1963
2874
2979
4052
3881
137
3548
3533
3487
748
3444
3094
3660
3262
1734
4508
2848
4175
3001
2283
4673
3738
4943
2721
280
1893
2855
3560
949
4748
2283
810
4246
4408
3663
4314
3960
38
173
4282
1253
2309
11
4963
1255
2817
4950
4426
3922
2602
4605
3896
380
4141
1760
1469
100
2718
1329
3765
1213
573
2679
829
4055
1367
668
4843
56
1189
2261
857
818
3485
4299
2186
1015
284
2934
1813
3825
4507
3696
2411
3362
2641
3167
282
3161
3476
2987
3823
4973
78
614
2168
2940
1644
114
4144
3608
4138
2504
2751
817
807
4015
4846
1433
920
2981
4159
3775
3444
4133
3390
786
4847
2756
1083
1062
823
236
1307
2089
59
15
1316
616
2110
3746
3752
2996
1662
3461
738
4454
882
2206
2612
2550
3074
2807
342
1438
1912
4992
4216
2506
3769
1601
951
178
2600
4029
4030
3050
1209
3750
1442
2104
4607
4886
2269
82
2088
1647
2471
3252
551
696
4492
438
3182
4680
1424
4341
1394
4788
620
2508
3049
2394
3242
2693
1497
1117
359
2837
1069
3039
4204
4069
3377
306
4382
4740
4858
469
4137
4407
779
4431
2481
619
1450
808
4998
57
583
1787
1296
1424
4425
2193
772
3355
2959
4496
2644
2461
414
33
2097
3751
900
2350
3500
2231
1437
839
2773
1743
268
570
4892
2103
2713
3372
4249
257
432
4426
47
1083
4007
1860
4719
1740
2323
3755
1714
1697
4812
1250
3062
1059
28
2761
284
2708
1975
1392
61
2995
2375
3805
1187
4691
3576
2557
4941
4870
4998
1399
1181
2175
1660
4394
2650
457
2790
1367
1791
4844
314
2316
2959
2384
4145
4841
3628
4789
3524
1025
1338
1235
2433
2926
1874
1767
1092
2845
40
1382
4664
3436
274
2843
4933
1
2154
578
649
1864
4478
1943
2826
3338
1093
3272
2042
3597
445
4072
1169
3457
881
3474
1416
565
4746
1344
507
1105
3136
1754
4948
4129
2656
3550
1770
1720
3243
1044
3860
1940
1119
3822
4214
630
4462
4119
3839
